['0-0'] [' '] 1

[[ 0.00000000e+00  0.00000000e+00  0.00000000e+00  0.00000000e+00
   0.00000000e+00  0.00000000e+00  0.00000000e+00  0.00000000e+00
   0.00000000e+00  0.00000000e+00  0.00000000e+00  0.00000000e+00
   0.00000000e+00  0.00000000e+00  0.00000000e+00  0.00000000e+00
   0.00000000e+00  0.00000000e+00  0.00000000e+00  0.00000000e+00
   0.00000000e+00  0.00000000e+00  0.00000000e+00  0.00000000e+00
   0.00000000e+00  0.00000000e+00  0.00000000e+00  0.00000000e+00
   0.00000000e+00  0.00000000e+00  0.00000000e+00  0.00000000e+00
   0.00000000e+00  0.00000000e+00  0.00000000e+00  0.00000000e+00
   0.00000000e+00  0.00000000e+00  0.00000000e+00  0.00000000e+00
   0.00000000e+00  0.00000000e+00  0.00000000e+00  0.00000000e+00
   0.00000000e+00  0.00000000e+00  0.00000000e+00  0.00000000e+00
   0.00000000e+00  0.00000000e+00]

['A-5'] ['Pick and Place glass'] 2

 [ 7.03252554e-02  2.13930011e-01 -1.26107499e-01  3.46617512e-02
   2.09205002e-01  3.14274997e-01 -1.29942104e-01 -2.94770002e-01
  -1.63202494e-01 -2.59499997e-03  4.81672511e-02  9.11262482e-02
  -1.02935255e-01  1.35062501e-01 -1.38320001e-02  1.22083753e-01
  -2.11502500e-02  2.48704739e-02 -1.44942492e-01 -5.97570002e-01
   3.53944987e-01  8.32200050e-02 -3.46324965e-02 -1.72953993e-01
  -1.28822505e-01 -4.82057512e-01 -2.04599991e-01  3.12522501e-01
   1.36044756e-01 -2.49285012e-01  1.49000001e+00 -1.95620000e-01
   1.54704988e-01 -1.71547502e-01 -7.36749992e-02  2.66340017e-01
   3.95875052e-02  2.93505013e-01  2.89227486e-01  1.06466003e-01
   2.35864267e-01  2.10814998e-01  1.68235004e-01 -7.37837479e-02
   1.96325004e-01  3.42200011e-01 -1.46042496e-01 -5.23999989e-01
  -1.47217497e-01 -3.38857502e-01]

['A-3'] ['Pick and Place plastic can'] 3

 [ 1.66260004e-01  7.59860054e-02  9.40279961e-02 -2.04855986e-02
   1.63373992e-01  3.40312004e-01 -1.07063606e-01 -3.23850006e-01
   1.15196025e-02 -1.42259989e-02  2.20367998e-01  2.16693997e-01
   9.61079970e-02  1.65177405e-01  1.68315992e-01  3.82286966e-01
   6.69217929e-02  1.11699998e-01  4.15999582e-03 -7.32275963e-01
   1.45668000e-01 -2.69800015e-02  2.97516018e-01 -5.40751927e-02
  -1.34313986e-01 -6.91102028e-01 -2.24151999e-01  2.28659987e-01
   3.11161816e-01 -4.77360010e-01  2.00945997e+00  1.18316010e-01
  -1.42396003e-01 -1.92896008e-01  4.75659966e-02  4.77338016e-01
   1.86289996e-01  2.65652001e-01  3.07707965e-01 -2.31319964e-02
   1.36217400e-01  1.78306013e-01  1.59457996e-01  2.50274003e-01
   3.42875987e-01  6.11575954e-02 -6.16400223e-03 -2.91204005e-01
  -8.11949968e-02 -1.88389987e-01]

['A-6'] ['Pick and Place lemon'] 4

 [-1.60750002e-02  1.09947503e-01 -3.50917488e-01  1.50984243e-01
   1.41365007e-01  5.03782511e-01 -1.63117498e-01 -3.49574983e-02
  -1.63369998e-01  9.88399982e-02 -9.10075009e-02  2.78497517e-01
   1.46070004e-01 -2.23499998e-01 -1.03737496e-01 -1.17996261e-01
   3.72947492e-02  2.75698490e-02 -1.63500383e-03 -4.39795017e-01
   4.73400019e-02  1.56999975e-02  5.35052478e-01  4.44299914e-03
  -2.53802478e-01 -2.85852492e-01  9.93975103e-02  2.57572502e-01
   3.59009743e-01 -2.75220007e-01  1.32099998e+00  1.20249987e-02
  -1.70105010e-01  1.41464993e-01  1.49782494e-01  1.55942500e-01
  -3.74727488e-01  1.61297500e-01  4.14402485e-01 -2.30250001e-01
   2.57614225e-01  1.34227499e-01 -1.59119993e-01 -2.57080019e-01
   1.33002490e-01  3.24950010e-01 -6.36665002e-02 -3.23442519e-01
   4.41424996e-02 -6.85124993e-02]

['A-1'] ['Pick and Place plastic bottle'] 5

 [ 4.64900024e-02  5.38640022e-02 -3.67826000e-02 -1.64996594e-01
   2.73931980e-01  4.03292000e-01 -1.97307795e-01 -3.90362024e-01
   1.12458006e-01  2.20285982e-01  1.58780009e-01  6.75319955e-02
   1.15333997e-01  1.20942011e-01  2.58468002e-01  1.74854994e-01
  -1.03078201e-01  3.00074011e-01 -2.24595994e-01 -7.89395988e-01
   2.98620015e-01  5.71972020e-02  2.18268007e-01 -1.80458397e-01
  -3.80791992e-01 -5.97002029e-01 -1.84760004e-01  5.88477969e-01
   3.40789795e-01 -4.01753992e-01  1.45901990e+00  8.53380039e-02
  -1.89172000e-01  2.52021968e-01  1.47321999e-01  5.12516022e-01
   2.05908015e-01  3.06092024e-01  4.93902028e-01  3.34003562e-04
   3.14115405e-01  2.64203995e-01  3.64899933e-02  1.29130006e-01
   3.04189980e-01  1.36821598e-01 -1.24948002e-01 -3.11428010e-01
   7.27729946e-02 -4.71837997e-01]

['A-4'] ['Pick and Place apple'] 6

 [ 1.97150007e-01 -1.71985000e-01  5.52100018e-02  3.26389253e-01
   5.72349988e-02  1.89187750e-01 -4.72155035e-01 -3.61702502e-01
  -3.68224978e-02  8.45950022e-02  2.97700018e-02  1.66175008e-01
  -4.77500036e-02 -2.97817498e-01  1.05622500e-01  1.28758743e-01
  -3.48837733e-01  2.39689991e-01  8.69074911e-02 -4.02119994e-01
   1.70330003e-01 -3.99225056e-02  2.26332501e-01  3.37060019e-02
  -4.38449979e-02 -4.89974976e-01 -1.39715001e-01 -1.48700029e-02
   4.43297513e-02 -2.12302506e-01  1.54364991e+00 -8.82999972e-02
  -1.11345001e-01  5.53624928e-02  1.06303744e-01 -3.53950039e-02
  -3.00480008e-01  1.77837491e-01  8.93350020e-02 -3.00274998e-01
   1.44744262e-01  5.09099998e-02 -3.05054992e-01 -1.01852499e-01
   2.63094991e-01  2.77652502e-01  2.21224949e-02 -2.12805003e-01
  -1.39914989e-01 -2.87899971e-02]

['A-2'] ['Pick and Place plastic cup'] 7

 [-1.53518006e-01  1.88443989e-01 -2.19418004e-01  2.82115400e-01
   1.16191402e-01  3.10699821e-01 -2.19475791e-01 -1.42908007e-01
  -1.89079978e-02 -1.97483987e-01  2.09006026e-01  5.81299961e-02
  -2.63797998e-01  1.12553999e-01  3.70307982e-01  1.57311201e-01
   9.71197933e-02  2.05469996e-01 -4.33627993e-01 -6.01751983e-01
   1.61810011e-01 -5.80379963e-02  4.10655975e-01 -7.54951984e-02
  -3.43847990e-01 -5.79551995e-01 -1.23731002e-01  3.41549993e-01
   1.07913807e-01 -2.77273983e-01  1.70029998e+00  3.23801994e-01
  -1.61564007e-01  2.19242007e-01  7.01079965e-02  5.08077979e-01
   1.16087198e-01  5.97184002e-01  2.21537992e-01 -3.20630014e-01
   1.73181385e-01  2.44600065e-02  9.99167934e-02 -8.64080042e-02
   3.18259984e-01  3.99905592e-01 -1.08883001e-01 -2.16724008e-01
   5.06899972e-03 -5.07514000e-01]

['B-4'] ['Navigate while avoiding moving people'] 8

 [ 3.53123993e-01 -1.33056611e-01  1.11337997e-01 -2.82108009e-01
   1.68633193e-01  1.44401401e-01 -1.85405999e-01  7.85349980e-02
  -1.03950001e-01 -7.60179982e-02 -1.97355196e-01 -3.26378614e-01
  -1.02974020e-01 -1.57858998e-01  2.28652000e-01 -1.27779990e-02
   1.49151813e-02 -6.02800138e-02 -1.92444816e-01 -3.91892016e-01
   1.62337989e-01  2.48806000e-01  2.28320405e-01  1.30081996e-01
   2.85230011e-01 -1.11432004e+00  6.46340027e-02  2.49333978e-02
   5.13258219e-01 -1.20720007e-01  2.50187993e+00  5.07213950e-01
   1.30811986e-02 -3.97103399e-01 -7.21340030e-02  3.19933966e-02
  -1.69136196e-01  4.83340025e-02 -1.44953802e-01  9.84944031e-02
  -2.98780024e-01  5.10699973e-02  4.11449999e-01  2.36076787e-01
   9.95600075e-02  1.90277994e-02 -1.66907996e-01 -7.02420026e-02
   8.95936042e-02 -1.57014996e-01]

['B-2'] ['Navigate to the main room door'] 9

 [ 3.80676657e-01  3.07766169e-01  1.26206666e-01 -8.44300017e-02
   4.05974984e-01 -1.64070159e-01 -2.71538347e-01 -2.90878341e-02
  -7.58058354e-02 -2.62983829e-01 -3.03211659e-01 -1.28666669e-01
  -2.42005348e-01  2.86419988e-01  4.05650027e-02  2.90649176e-01
  -9.41393301e-02  8.51768330e-02 -2.12866757e-02 -5.21398365e-01
   4.06728357e-01  1.88191652e-01 -2.54478335e-01  1.54542163e-01
  -8.27239975e-02 -9.81341660e-01  2.65616681e-02  3.57363313e-01
   9.87066627e-02 -2.43424997e-01  2.15470004e+00  5.87163307e-02
  -2.71848172e-01 -1.78444996e-01  1.23626672e-01  2.19595000e-01
   2.71456003e-01  2.70535033e-02  1.09154992e-01 -4.70999964e-02
   1.74533334e-02  6.53740838e-02 -1.71774998e-01  1.39815018e-01
   2.22376641e-02  9.53548253e-02  4.02249992e-02 -4.26321179e-01
   8.22364986e-02 -2.49801651e-01]

['B-5'] ['Navigate while following a person'] 10

 [ 2.66106009e-01  1.75605997e-01 -1.52836800e-01 -5.88374026e-02
   6.32157981e-01  4.01817977e-01 -2.82655984e-01  7.93340057e-02
  -5.08779809e-02 -5.98100433e-03  3.72670591e-02 -1.93862796e-01
  -2.13193983e-01 -2.30120029e-02  4.05805975e-01 -2.02554017e-01
  -2.84159988e-01 -7.21439868e-02 -4.90312010e-01 -1.27064005e-01
   3.81717905e-02  2.34278008e-01  4.92800139e-02 -1.23679992e-02
   9.83899981e-02 -1.38014007e+00 -2.61271354e-02 -2.86005978e-02
   1.44887403e-01  1.14174008e-01  2.82449985e+00 -6.76047951e-02
  -1.72573999e-01 -1.74943402e-01  2.07203984e-01  3.07479943e-03
   2.37535998e-01  1.12534001e-01  5.75206417e-04 -2.07630008e-01
  -8.31029862e-02  9.43859965e-02 -9.71519947e-02  1.22365214e-01
  -8.60510021e-02 -1.29340202e-01 -8.62060040e-02 -9.52263996e-02
   2.61487603e-01 -4.20600176e-03]

['B-1'] ['Navigate to the dining table'] 11

 [ 1.52197987e-01  4.81927395e-01 -3.04663986e-01 -4.51239981e-02
   4.86702025e-01 -3.33300769e-01 -2.33054206e-01 -7.52400011e-02
  -1.45411581e-01 -2.79246628e-01 -3.03278029e-01 -2.05559991e-02
  -4.09600139e-03  2.43620008e-01  2.47400001e-01  1.88190013e-01
   3.80887985e-02  5.64999990e-02 -1.12755997e-02 -6.12650037e-01
   4.32352006e-01  1.32732004e-01 -4.01099920e-02  2.85203993e-01
  -1.09295204e-01 -5.45071602e-01 -3.76580022e-02  2.24128008e-01
   2.26360019e-02 -6.93600029e-02  1.73412001e+00  2.93603987e-01
  -2.79469997e-01  5.22339940e-02  1.69317991e-01  2.18858004e-01
   1.20671988e-01  4.08625782e-01  9.81353968e-02 -6.85739964e-02
   1.37026995e-01 -1.68511979e-02  6.23880327e-03  4.01336014e-01
  -3.88646126e-03  2.05635786e-01  6.06860034e-02 -1.70328811e-01
   1.86950207e-01 -1.82288006e-01]

['B-6'] ['Navigate while avoiding obstacles'] 12

 [ 3.52102488e-01  7.15117455e-02 -2.67350040e-02 -2.44475007e-02
  -1.08815007e-01  5.01707494e-01  1.45762503e-01  2.70337492e-01
   7.18600005e-02 -7.28024989e-02 -3.47580016e-01 -7.95882493e-02
  -4.59292501e-01 -9.15452465e-02  1.25294015e-01  1.93325020e-02
   3.58455002e-01 -4.08585012e-01  1.20371506e-01 -5.23295045e-01
   1.55301496e-01  1.48875117e-02 -1.26819491e-01 -1.52284995e-01
   3.04724991e-01 -7.65515029e-01  2.67307520e-01  3.61675397e-03
   5.99146783e-01  1.68224990e-01  1.86464989e+00  4.72782493e-01
   3.92735004e-02 -3.91379237e-01 -7.76775032e-02  2.16479987e-01
  -1.92122504e-01  2.12815002e-01 -3.65074754e-01  5.04250079e-03
  -2.60167480e-01 -5.81725053e-02  3.67115021e-01  3.94038498e-01
   2.20174998e-01 -1.31955251e-01 -1.67384986e-02  2.39995003e-01
   2.09316596e-01 -3.37803245e-01]

['B-3'] ['Navigate to the living room'] 13

 [ 3.27794015e-01  2.60847390e-01  6.45539984e-02 -3.44883978e-01
   5.37343979e-01 -5.27367964e-02 -4.10622030e-01 -1.77928001e-01
  -1.53615996e-01 -6.36605993e-02 -5.05400077e-02 -1.49149984e-01
   2.14595586e-01  1.93760153e-02  3.85610014e-01  3.26229990e-01
   2.44328026e-02  5.63979968e-02 -5.95100001e-02 -2.08974004e-01
   2.27845997e-01  4.85624015e-01 -7.28919953e-02  2.10726000e-02
   9.70108062e-02 -7.55554020e-01 -8.76079947e-02  5.28800488e-03
   2.37969995e-01 -1.62279993e-01  1.96925998e+00  2.11829990e-01
  -2.23957390e-01 -2.81787992e-01  1.17835999e-01  1.85888007e-01
   1.36375993e-01  6.85478002e-02  3.17933977e-01 -1.53843999e-01
  -1.69119388e-01  6.42557964e-02  1.63760006e-01  2.66140014e-01
  -1.07235208e-01  3.40658017e-02 -1.27203986e-01 -4.58719403e-01
  -1.59884002e-02 -1.24482013e-01]]