yeah thats mee  
[0. 0. 0. 0. 0. 0. 0. 0. 0. 0. 0. 0. 0. 0. 0. 0. 0. 0. 0. 0. 0. 0. 0. 0.
 0. 0. 0. 0. 0. 0. 0. 0. 0. 0. 0. 0. 0. 0. 0. 0. 0. 0. 0. 0. 0. 0. 0. 0.
 0. 0.]
yeah thats mee Pick and Place glass
[ 0.07032526  0.21393001 -0.1261075   0.03466175  0.209205    0.314275
 -0.1299421  -0.29477    -0.1632025  -0.002595    0.04816725  0.09112625
 -0.10293525  0.1350625  -0.013832    0.12208375 -0.02115025  0.02487047
 -0.14494249 -0.59757     0.353945    0.08322001 -0.0346325  -0.172954
 -0.1288225  -0.4820575  -0.20459999  0.3125225   0.13604476 -0.24928501
  1.49       -0.19562     0.15470499 -0.1715475  -0.073675    0.26634002
  0.03958751  0.293505    0.2892275   0.106466    0.23586427  0.210815
  0.168235   -0.07378375  0.196325    0.3422     -0.1460425  -0.524
 -0.1472175  -0.3388575 ]
yeah thats mee Pick and Place plastic can
[ 0.16626     0.07598601  0.094028   -0.0204856   0.16337399  0.340312
 -0.10706361 -0.32385     0.0115196  -0.014226    0.220368    0.216694
  0.096108    0.1651774   0.16831599  0.38228697  0.06692179  0.1117
  0.00416    -0.73227596  0.145668   -0.02698     0.29751602 -0.05407519
 -0.13431399 -0.691102   -0.224152    0.22865999  0.31116182 -0.47736
  2.00946     0.11831601 -0.142396   -0.19289601  0.047566    0.47733802
  0.18629     0.265652    0.30770797 -0.023132    0.1362174   0.17830601
  0.159458    0.250274    0.342876    0.0611576  -0.006164   -0.291204
 -0.081195   -0.18838999]
yeah thats mee Pick and Place lemon
[-0.016075    0.1099475  -0.3509175   0.15098424  0.141365    0.5037825
 -0.1631175  -0.0349575  -0.16337     0.09884    -0.0910075   0.27849752
  0.14607    -0.2235     -0.1037375  -0.11799626  0.03729475  0.02756985
 -0.001635   -0.43979502  0.04734     0.0157      0.5350525   0.004443
 -0.25380248 -0.2858525   0.09939751  0.2575725   0.35900974 -0.27522
  1.321       0.012025   -0.17010501  0.141465    0.1497825   0.1559425
 -0.3747275   0.1612975   0.41440248 -0.23025     0.25761423  0.1342275
 -0.15912    -0.25708002  0.13300249  0.32495    -0.0636665  -0.32344252
  0.0441425  -0.0685125 ]
yeah thats mee Pick and Place plastic bottle
[ 4.64900024e-02  5.38640022e-02 -3.67826000e-02 -1.64996594e-01
  2.73931980e-01  4.03292000e-01 -1.97307795e-01 -3.90362024e-01
  1.12458006e-01  2.20285982e-01  1.58780009e-01  6.75319955e-02
  1.15333997e-01  1.20942011e-01  2.58468002e-01  1.74854994e-01
 -1.03078201e-01  3.00074011e-01 -2.24595994e-01 -7.89395988e-01
  2.98620015e-01  5.71972020e-02  2.18268007e-01 -1.80458397e-01
 -3.80791992e-01 -5.97002029e-01 -1.84760004e-01  5.88477969e-01
  3.40789795e-01 -4.01753992e-01  1.45901990e+00  8.53380039e-02
 -1.89172000e-01  2.52021968e-01  1.47321999e-01  5.12516022e-01
  2.05908015e-01  3.06092024e-01  4.93902028e-01  3.34003562e-04
  3.14115405e-01  2.64203995e-01  3.64899933e-02  1.29130006e-01
  3.04189980e-01  1.36821598e-01 -1.24948002e-01 -3.11428010e-01
  7.27729946e-02 -4.71837997e-01]
yeah thats mee Pick and Place apple
[ 0.19715    -0.171985    0.05521     0.32638925  0.057235    0.18918775
 -0.47215503 -0.3617025  -0.0368225   0.084595    0.02977     0.16617501
 -0.04775    -0.2978175   0.1056225   0.12875874 -0.34883773  0.23968999
  0.08690749 -0.40212     0.17033    -0.03992251  0.2263325   0.033706
 -0.043845   -0.48997498 -0.139715   -0.01487     0.04432975 -0.2123025
  1.5436499  -0.0883     -0.111345    0.05536249  0.10630374 -0.035395
 -0.30048     0.17783749  0.089335   -0.300275    0.14474426  0.05091
 -0.305055   -0.1018525   0.263095    0.2776525   0.02212249 -0.212805
 -0.13991499 -0.02879   ]
yeah thats mee Pick and Place plastic cup
[-0.153518    0.18844399 -0.219418    0.2821154   0.1161914   0.31069982
 -0.21947579 -0.142908   -0.018908   -0.19748399  0.20900603  0.05813
 -0.263798    0.112554    0.37030798  0.1573112   0.09711979  0.20547
 -0.433628   -0.601752    0.16181001 -0.058038    0.41065598 -0.0754952
 -0.343848   -0.579552   -0.123731    0.34155     0.10791381 -0.27727398
  1.7003      0.323802   -0.161564    0.219242    0.070108    0.508078
  0.1160872   0.597184    0.22153799 -0.32063     0.17318138  0.02446001
  0.09991679 -0.086408    0.31825998  0.3999056  -0.108883   -0.21672401
  0.005069   -0.507514  ]
yeah thats mee Navigate while avoiding moving people
[ 0.353124   -0.13305661  0.111338   -0.282108    0.1686332   0.1444014
 -0.185406    0.078535   -0.10395    -0.076018   -0.1973552  -0.3263786
 -0.10297402 -0.157859    0.228652   -0.012778    0.01491518 -0.06028001
 -0.19244482 -0.39189202  0.16233799  0.248806    0.2283204   0.130082
  0.28523    -1.11432     0.064634    0.0249334   0.5132582  -0.12072001
  2.50188     0.50721395  0.0130812  -0.3971034  -0.072134    0.0319934
 -0.1691362   0.048334   -0.1449538   0.0984944  -0.29878002  0.05107
  0.41145     0.23607679  0.09956001  0.0190278  -0.166908   -0.070242
  0.0895936  -0.157015  ]
yeah thats mee Navigate to the main room door
[ 0.38067666  0.30776617  0.12620667 -0.08443     0.40597498 -0.16407016
 -0.27153835 -0.02908783 -0.07580584 -0.26298383 -0.30321166 -0.12866667
 -0.24200535  0.28642     0.040565    0.29064918 -0.09413933  0.08517683
 -0.02128668 -0.52139837  0.40672836  0.18819165 -0.25447834  0.15454216
 -0.082724   -0.98134166  0.02656167  0.3573633   0.09870666 -0.243425
  2.1547      0.05871633 -0.27184817 -0.178445    0.12362667  0.219595
  0.271456    0.0270535   0.10915499 -0.0471      0.01745333  0.06537408
 -0.171775    0.13981502  0.02223766  0.09535483  0.040225   -0.42632118
  0.0822365  -0.24980165]
yeah thats mee Navigate while following a person
[ 2.66106009e-01  1.75605997e-01 -1.52836800e-01 -5.88374026e-02
  6.32157981e-01  4.01817977e-01 -2.82655984e-01  7.93340057e-02
 -5.08779809e-02 -5.98100433e-03  3.72670591e-02 -1.93862796e-01
 -2.13193983e-01 -2.30120029e-02  4.05805975e-01 -2.02554017e-01
 -2.84159988e-01 -7.21439868e-02 -4.90312010e-01 -1.27064005e-01
  3.81717905e-02  2.34278008e-01  4.92800139e-02 -1.23679992e-02
  9.83899981e-02 -1.38014007e+00 -2.61271354e-02 -2.86005978e-02
  1.44887403e-01  1.14174008e-01  2.82449985e+00 -6.76047951e-02
 -1.72573999e-01 -1.74943402e-01  2.07203984e-01  3.07479943e-03
  2.37535998e-01  1.12534001e-01  5.75206417e-04 -2.07630008e-01
 -8.31029862e-02  9.43859965e-02 -9.71519947e-02  1.22365214e-01
 -8.60510021e-02 -1.29340202e-01 -8.62060040e-02 -9.52263996e-02
  2.61487603e-01 -4.20600176e-03]
yeah thats mee Navigate to the dining table
[ 0.15219799  0.4819274  -0.304664   -0.045124    0.48670202 -0.33330077
 -0.2330542  -0.07524    -0.14541158 -0.27924663 -0.30327803 -0.020556
 -0.004096    0.24362001  0.2474      0.18819001  0.0380888   0.0565
 -0.0112756  -0.61265004  0.432352    0.132732   -0.04010999  0.285204
 -0.1092952  -0.5450716  -0.037658    0.22412801  0.022636   -0.06936
  1.73412     0.293604   -0.27947     0.05223399  0.16931799  0.218858
  0.12067199  0.40862578  0.0981354  -0.068574    0.137027   -0.0168512
  0.0062388   0.401336   -0.00388646  0.20563579  0.060686   -0.17032881
  0.1869502  -0.182288  ]
yeah thats mee Navigate while avoiding obstacles
[ 0.3521025   0.07151175 -0.026735   -0.0244475  -0.10881501  0.5017075
  0.1457625   0.2703375   0.07186    -0.0728025  -0.34758002 -0.07958825
 -0.4592925  -0.09154525  0.12529401  0.0193325   0.358455   -0.408585
  0.12037151 -0.52329504  0.1553015   0.01488751 -0.12681949 -0.152285
  0.304725   -0.765515    0.26730752  0.00361675  0.5991468   0.16822499
  1.8646499   0.4727825   0.0392735  -0.39137924 -0.0776775   0.21647999
 -0.1921225   0.212815   -0.36507475  0.0050425  -0.26016748 -0.05817251
  0.36711502  0.3940385   0.220175   -0.13195525 -0.0167385   0.239995
  0.2093166  -0.33780324]
yeah thats mee Navigate to the living room
[ 0.32779402  0.2608474   0.064554   -0.34488398  0.537344   -0.0527368
 -0.41062203 -0.177928   -0.153616   -0.0636606  -0.05054001 -0.14914998
  0.21459559  0.01937602  0.38561     0.32623     0.0244328   0.056398
 -0.05951    -0.208974    0.227846    0.48562402 -0.072892    0.0210726
  0.09701081 -0.755554   -0.08760799  0.005288    0.23797    -0.16228
  1.96926     0.21182999 -0.22395739 -0.281788    0.117836    0.185888
  0.136376    0.0685478   0.31793398 -0.153844   -0.16911939  0.0642558
  0.16376     0.26614    -0.10723521  0.0340658  -0.12720399 -0.4587194
 -0.0159884  -0.12448201]
yeah thats mee  
[0. 0. 0. 0. 0. 0. 0. 0. 0. 0. 0. 0. 0. 0. 0. 0. 0. 0. 0. 0. 0. 0. 0. 0.
 0. 0. 0. 0. 0. 0. 0. 0. 0. 0. 0. 0. 0. 0. 0. 0. 0. 0. 0. 0. 0. 0. 0. 0.
 0. 0.]
yeah thats mee Parking backwards cars and people around, misaligned
[ 2.2481874e-01 -2.3447126e-01  3.4278101e-01 -2.6096159e-01
  1.3121113e-01  1.3463838e-01 -3.1463125e-01 -3.3978325e-01
 -3.5992000e-01 -1.2434842e-01  1.4038749e-01 -1.0477051e-01
 -2.5402749e-01  8.0956236e-02  2.2952253e-01  1.2571563e-01
 -6.5688759e-02  3.1158701e-01 -1.5129375e-01 -6.7434001e-01
  1.1158626e-01  7.1246251e-02  2.1501750e-01  2.7646548e-01
  3.9128366e-01 -8.5110503e-01 -5.1661231e-02  3.4217501e-01
  4.0249527e-01 -3.7748489e-01  2.3760073e+00  2.8772765e-01
  1.9075538e-01 -1.9037750e-02 -1.8562526e-03  1.4773373e-02
 -6.5056369e-02 -8.9366268e-03 -5.1626258e-02  3.4558874e-01
 -2.8126562e-01  4.9612373e-03  4.0989000e-01  6.7213759e-02
  5.1056251e-02 -5.7758756e-02 -8.4541246e-02 -3.2859126e-01
  1.7135888e-01 -4.6071002e-01]
yeah thats mee Parking backwards empty lot, misaligned
[-1.8432500e-02 -2.4782169e-01  1.5399633e-01 -2.4454169e-01
  3.6099982e-01  3.4156661e-02 -1.7459834e-01 -1.4809050e-01
 -3.3328450e-01  6.4693786e-02  6.1273348e-02  1.4393766e-01
 -3.4598532e-01  3.7417832e-01  1.1934335e-01  2.0916183e-01
  1.3951999e-01  9.1237672e-02  4.6924669e-02 -5.6739998e-01
 -8.6019993e-02 -7.8833103e-04  1.1546334e-01  1.9307502e-01
  4.3068466e-01 -6.4655501e-01  3.8039997e-02  7.6348168e-01
  6.5661311e-01 -4.5641330e-01  1.7510101e+00  2.0975517e-01
  3.6830986e-01  7.2400004e-02 -1.4114417e-01  3.2600001e-02
 -2.0088335e-02  1.4425449e-01  1.0874000e-01  7.7799998e-02
 -1.4704700e-01 -4.9784172e-02  1.4950602e-01  2.9976499e-01
 -8.5735016e-02 -3.2450061e-03  6.4401992e-02 -1.3188200e-01
  3.3404851e-01 -2.4258167e-01]
yeah thats mee Parking backwards cars and people around, aligned
[ 2.6253137e-01 -1.3241376e-01  3.8709000e-01 -3.4132284e-01
  1.9586864e-01  4.9088523e-04 -3.2612750e-01 -4.3666327e-01
 -3.1816250e-01 -2.3210716e-01  3.7871242e-02 -2.6850551e-01
 -3.4784126e-01  5.2312464e-03  1.5305002e-01  1.5682563e-01
  4.6727490e-02  3.4532240e-01 -1.5163875e-01 -6.8687004e-01
  2.3147509e-02  1.7487499e-01  3.0489001e-01  3.3615798e-01
  2.8416866e-01 -9.4545001e-01 -7.9839982e-02  2.2448623e-01
  1.9758278e-01 -3.3758464e-01  2.6226499e+00  2.9055652e-01
 -4.5308374e-02 -1.2739775e-01 -7.0250034e-04 -6.2315378e-02
 -4.3216374e-02  6.3627124e-02 -2.2436751e-01  4.2269000e-01
 -2.9448935e-01  8.1008740e-02  2.8488624e-01  4.6425004e-02
 -2.5383748e-02 -3.1373754e-02 -1.6387625e-01 -5.2329499e-01
 -1.2035237e-01 -3.7799501e-01]
yeah thats mee Parking forwards empty lot, aligned
[ 0.07656267  0.03216167  0.24875833 -0.267975    0.48376    -0.131024
 -0.34168503 -0.21625216 -0.38868952 -0.04686333 -0.05426166  0.010116
 -0.5021703   0.27387667 -0.01745333  0.1129735   0.47650003  0.03070483
 -0.09301699 -0.5302517  -0.38331333  0.15823667  0.198735    0.28461
  0.045663   -0.67572767  0.18443501  0.4027233   0.21097653 -0.38662302
  2.0694501   0.34109366  0.12573282 -0.18633668  0.05825417  0.15376668
 -0.0055845   0.32449332 -0.04938501  0.15315251 -0.02400367  0.26790583
  0.0232375   0.19270165 -0.05874832  0.16346334 -0.16074133 -0.18064201
 -0.08910316 -0.07112333]
yeah thats mee Parking forwards cars and people around, misaligned
[ 0.25835252 -0.12654126  0.3695435  -0.19817537  0.15862375  0.14490038
 -0.42845002 -0.2940245  -0.44323125 -0.1002575   0.1562525  -0.04140176
 -0.2773525   0.08145499  0.20339751  0.02246438  0.07462999  0.23245202
 -0.255905   -0.63394874 -0.02294499  0.08688626  0.18759876  0.28542423
  0.20963241 -0.7786395   0.08631375  0.189295    0.27318025 -0.3650424
  2.3681948   0.38340265  0.24488638 -0.10473026  0.14653873  0.18273714
 -0.0760185   0.05367875  0.00252125  0.32500187 -0.17575938  0.16718122
  0.44019237  0.007705    0.14773625  0.0408875  -0.17406374 -0.17045751
  0.14570639 -0.41483125]
yeah thats mee Parking forwards empty lot, misaligned
[ 0.02627917 -0.10391501  0.18967967 -0.16082667  0.39755     0.04783933
 -0.32635668 -0.08707884 -0.4443662   0.096815    0.08242667  0.22842933
 -0.37708536  0.37484333  0.08451     0.0714935   0.32661167 -0.01427567
 -0.09255699 -0.513545   -0.26539502  0.02006501  0.078905    0.20502
  0.188483   -0.5499343   0.22200668  0.55964166  0.48419318 -0.43982336
  1.7405934   0.33732185  0.4404845  -0.04185667  0.05671583  0.25655165
 -0.0347045   0.22774166  0.18093665  0.05035083 -0.006372    0.16650917
  0.18990918  0.22042     0.04317167  0.12828334 -0.05496133  0.078963
  0.2998452  -0.18141   ]
yeah thats mee Navigating lane merge with other moving vehicles
[ 0.39552426 -0.04110714  0.3376244   0.02712998 -0.06036199  0.31385428
 -0.6360943  -0.269687   -0.16619286 -0.32570225 -0.013685   -0.01382858
 -0.42546576 -0.05161399 -0.1109307   0.19947527  0.04860971  0.15111484
 -0.21463858 -0.7322915   0.47535953 -0.02637943 -0.05814286  0.20913641
 -0.15059288 -0.75554997  0.0614557   0.12771286  0.38119984 -0.34438428
  2.4751856   0.17318714  0.044578   -0.23189498  0.3056886   0.02387672
 -0.08985572 -0.10725857 -0.186695    0.17435773 -0.10680314 -0.12353043
  0.22653571 -0.12550728 -0.00855429  0.00470143 -0.08460223 -0.27376342
 -0.05996857 -0.16468029]
yeah thats mee Navigating lane merge on a clear road
[ 3.10695708e-01  2.90665686e-01 -2.41242815e-02  8.87517184e-02
 -2.22686352e-03  2.42763415e-01 -5.57088554e-01 -6.37900084e-02
  6.91081434e-02 -3.61698419e-01 -3.75099987e-01 -6.56342879e-02
 -5.80948532e-01 -1.77765712e-01 -2.21106559e-01  2.70298570e-01
  1.92728013e-01 -1.25794128e-01 -3.10014486e-01 -3.03230733e-01
  3.53975564e-01  9.03468579e-02 -1.98625728e-01  1.67824283e-01
  5.61971366e-02 -1.09883845e+00  1.68539092e-01  4.65101421e-01
  3.49370271e-01 -3.69222581e-01  2.50548553e+00 -1.45012572e-01
 -1.84768572e-01 -3.36404294e-02  2.23067254e-01 -2.10458711e-01
  1.87665701e-01 -7.57385641e-02 -5.61500005e-02 -2.71512866e-02
 -6.01148605e-02 -1.90992862e-01 -1.66494414e-01 -1.01854146e-01
 -2.45725021e-01  4.82658558e-02  5.36739118e-02 -3.04648876e-01
  2.84329981e-01 -1.54482841e-01]
yeah thats mee Navigating traffic-circle with other moving vehicles
[ 0.255538    0.27335215  0.43456924 -0.05828251 -0.09233688  0.08290139
 -0.4871364  -0.41023713  0.022667   -0.24610451 -0.09898585 -0.27170873
 -0.4643663   0.23659402 -0.04581258 -0.00582175 -0.02106075  0.05872037
 -0.3137743  -0.6732538   0.2518121  -0.03561875 -0.00592276  0.20124412
 -0.16210249 -1.1922925  -0.11301626  0.24584249  0.42534167 -0.1722545
  2.8358998   0.35652375  0.002991   -0.15949437  0.1506125   0.0980925
 -0.11287874  0.00616875 -0.17400688  0.42952925 -0.08806588  0.29270497
  0.35019875 -0.04222325  0.07494    -0.13441113 -0.03044137 -0.268423
  0.0269275  -0.234033  ]
yeah thats mee Navigating traffic-circle on a clear road
[ 0.18131301  0.5636534   0.11803913 -0.0043635  -0.04146864  0.02069688
 -0.41800636 -0.23007724  0.22855537 -0.27760112 -0.415224   -0.31703874
 -0.60041374  0.12621124 -0.14221646  0.05614862  0.10504276 -0.183575
 -0.39722818 -0.2978256   0.14560111  0.06651675 -0.12884524  0.165096
  0.01883875 -1.49267    -0.01931829  0.54105747  0.39749077 -0.193988
  2.8624125   0.07809899 -0.19768724  0.01397837  0.07831885 -0.106951
  0.12995249  0.03374875 -0.05978     0.25320888 -0.04721363  0.23367536
  0.00629736 -0.02152675 -0.13258436 -0.09629223  0.09055025 -0.29544777
  0.32818875 -0.22511023]
yeah thats mee Navigating T-junction with other moving vehicles
[ 0.27300873  0.24885127  0.40634263  0.04746873 -0.14357437  0.22300625
 -0.45682126 -0.40207565 -0.09136499 -0.20863076 -0.19154063 -0.28038126
 -0.4199625   0.00989524 -0.18793505  0.09544588 -0.00373575  0.15989786
 -0.277573   -0.38282377  0.21264711 -0.0326975   0.08930287  0.22065538
 -0.18711749 -1.006635   -0.03737625  0.20805874  0.35755742 -0.21550076
  2.4022498   0.15005249 -0.0300655   0.00882313  0.36383     0.02868749
 -0.031505    0.05346477 -0.08740437  0.34719676 -0.04108962  0.14068751
  0.2408175  -0.07819975  0.1943875   0.02274887 -0.02922763 -0.22027174
  0.07969375 -0.18505901]
yeah thats mee Navigating T-junction on a clear road
[ 1.98783755e-01  5.39152503e-01  8.98125023e-02  1.01387747e-01
 -9.27061141e-02  1.60801739e-01 -3.87691259e-01 -2.21915752e-01
  1.14523366e-01 -2.40127385e-01 -5.07778764e-01 -3.25711250e-01
 -5.56010008e-01 -1.00487515e-01 -2.84338951e-01  1.57416254e-01
  1.22367755e-01 -8.23974982e-02 -3.61026913e-01 -7.39562185e-03
  1.06436118e-01  6.94379956e-02 -3.36196236e-02  1.84507251e-01
 -6.17623329e-03 -1.30701256e+00  5.63217103e-02  5.03273726e-01
  3.29706520e-01 -2.37234265e-01  2.42876244e+00 -1.28372237e-01
 -2.30743736e-01  1.82295874e-01  2.91536361e-01 -1.76356003e-01
  2.11326241e-01  8.10447782e-02  2.68224999e-02  1.70876384e-01
 -2.37375498e-04  8.16578865e-02 -1.03083871e-01 -5.75032495e-02
 -1.31368712e-02  6.08677492e-02  9.17639881e-02 -2.47296512e-01
  3.80955011e-01 -1.76136255e-01]